87642
11694869
15241070
86289090
119393
46878488
56927898
354197
90658491
90658831
119398
9543146
5280787
12730529
54707972
25203687
54758609
87442439
55310
5365811
7302
11988137
25202539
16750021
161233
25200961
16061344
9543089
21121819
6505653
25203768
135440520
90658708
11988138
4931
91819868
161500
98490
9548601
3865578
25203006
13625
97768
162204
3417
100800
72193760
9543277
439250
165000
86289508
90657709
107971
46926100
5316673
10900
5459830
9548021
90657393
25202578
52922731
6950171
14421
136363
90657583
51351719
11205871
5460656
1090
107758
90659236
9960512
135398735
126961082
23615305
754
16757542
179441
8842
5230127
239828
3037032
9543006
3014955
121920
19379894
7222
1089
5287971
90658733
90657478
5461108
131129
49859659
5281601
8028
104930
52921883
71296184
6925657
15944657
188803
101280252
185831
72193814
90658762
45479423
25200950
126961143
16486
44237253
101394491
439924
54675822
9543159
54675863
138454290
249885
152758
6475758
5460657
10635
46906036
54758567
121969
6354
14464358
148324
9543279
7098639
19746553
61844
4378467
20120
90658021
90657314
90658840
25201902
15394
276204
87642
7048523
9543053
139031379
14014
90658995
5460451
12313168
7048686
16757544
440516
5280612
16500
176496
92802
25201814
9887568
6570
3963005
452110
314523
72193818
8154
24478
90658678
123351
86290020
46229858
469
5460299
439227
76900
9543118
16061363
7583
440987
90657438
42607304
5281761
90658603
9543308
162907
70680298
148201
44263317
447277
90657255
15938972
197082
5319886
69061
5282155
1646
5282067
21286229
443247
90657797
25202456
443475
23725101
25201769
13032
441147
15341631
5280459
9543014
15341628
12801541
2336
5757
15983959
72715833
125004
12730530
9543123
439456
13878
3681305
90108
12178130
5282166
45266584
10383
16061369
15586718
440202
9543085
90658365
7464
90657732
25201835
90659081
74706
50986110
12290
46173188
135527505
25203411
14132342
8723
14777879
10215446
168691
135407446
5497103
45480623
5017639
25243950
9543164
90658670
26447
15993
102515427
5318606
54675867
597195
95724
45479590
114839
107727
45266608
94672
71728402
3945661
6920143
12795736
59
25245104
54675825
46173191
139031586
16061367
90658892
182463
90658528
12303943
7150
25203612
21593623
453
135476781
102295776
642623
52922845
13511913
70751
102515217
473
16061366
6919101
90658264
6484
52922727
49852330
90657717
179618
6943
25201336
9543275
15126
90658526
68107166
145710
182167
9543349
90658427
73399
2733779
6971089
25202335
25203726
445070
54710088
82105
5320844
10883375
10197960
221401
6443675
75891
440255
54707971
5481248
6954
25201643
24778941
90658391
15938971
90658054
12570
643950
688853
16061362
25202270
6560
1167
44251425
69275
14423521
9543197
9549327
11963954
123912
57339215
6992088
990
90657581
10429233
164533
4255608
5281377
15353
5497105
25201268
9604685
44256801
49852442
8778
49835951
751
3081055
3081374
10907
5288346
134820255
61
13614
25245888
25010743
5281525
135911932
16500
90657275
3084390
45266614
90657511
7048684
79143
23363162
440917
5282997
90658146
126961152
107679
91820596
16667346
9929901
12942934
1128
72193817
44259636
72193810
25202476
24778989
446013
54758595
122108
5320834
71648
72193759
3111084
11122
44593355
9543259
76674
44593354
20753
13940
9547150
140523
72193809
146036986
5288075
439939
439544
49852295
5951
3035
9548022
11321982
16061343
15983949
223
193567
5280804
44237218
90657951
847
90657401
6971264
21604869
129719237
9543260
3084066
5319693
11727586
92180
25202062
90658674
11238688
7931
146037268
93093
191536
51
11491998
115062
9543365
11989
802
72193813
90658711
